2.6620695818295097	-0.4300299033895315	-0.10186677908527508	-0.04003967813865041	-0.021421243331723707	-0.014210315273230195	-0.011538299465448284	-0.3190683919354811	0.02709841883714874	0.0668351180487331	0.24011785324372065	-0.037949583738623935	0.06544320272033433	0.04341200492809458	-0.025837978930869705	0.04018079505299676	0.008542871491871258	-0.014865877222119388	0.024249459129427213	0.0019444092336537344	-0.009406606045343277	0.015851778731520022	0.0005301119332888432	-0.006840148589635987	0.01171118072771031	0.00011540364182617094	-0.005522953110464618	0.009994685106114351	0.05997755695627212	0.002670664561840442	-0.04092726415068593	0.0068843703224949915	0.008792897353766226	-0.029295161412843367	-0.001919540947700153	0.008438983578069909	-0.018940085654727344	-0.0017684008078176915	0.006868036761163309	-0.012862279676942917	-0.0009357519676724044	0.005540756676414721	-0.00946537260982572	-0.0004274174208612558	0.004511296399749275	-0.0075770320654496475	-0.00014154296699707446	0.003587361907579702	-0.006558386364028714	-0.005041930077912968	0.0010446859636019281	0.002507039681585971	0.0011330913820251733	-0.002635499450675228	0.005693532161730741	0.0013188261497288267	-0.0038131684195781357	0.006243781731103737	0.0007871705137762902	-0.0037485369012445636	0.005698188778200855	0.00041805205500515736	-0.0033643385990072875	0.004966124064246647	0.00021857580673546862	-0.0029195619906531413	0.004324515266629077	0.00010316550998343992	-0.002319929579206417	0.003815303847808009	0.0007926777831782151	0.0003751099644447695	-0.001333182724323272	0.00046210405103191943	0.0012743413357125906	-0.0023250268654039902	9.798458528848343e-5	0.0017384224452203793	-0.0026847464625399035	-6.172842909601958e-5	0.001878607001677688	-0.002688235360647531	-8.899236491774136e-5	0.0018492546110994307	-0.002534975371102721	-7.488234376151007e-5	0.0017242138340426531	-0.0023192026067822276	-5.380901402418039e-5	0.0013889517487815448	-0.002067767597940807	-5.4512805139176076e-5	-0.00031122770822898476	0.0004488062319797871	-4.395106467292556e-5	-0.0006685095171279522	0.0008583312928998484	-6.009933263331966e-6	-0.0009154897777628581	0.0011172697392065388	1.8496026408938317e-5	-0.0010405653753275208	0.0012235175808696336	2.6587401248586475e-5	-0.0010736923945813214	0.001221800794818357	2.6648307101918615e-5	-0.001041080816937908	0.0011511969674302207	2.584376271192582e-5	-0.0008493769108287634	0.0010250529605327695	4.0418102580057545e-5	0.00020586798654781202	-0.00020974781777178056	3.3528527626967455e-5	0.00041212498483352104	-0.00036238461264340404	2.3923495913755473e-5	0.0005614313428889552	-0.0004569953604587058	1.1744238438716941e-5	0.0006505521844202209	-0.000497649542331361	2.85631257543447e-6	0.0006852668936611131	-0.0004941240195887912	-2.4653469391582144e-6	0.0006801723372527669	-0.00045458795889226047	-8.177274028073156e-6	0.0005891374859526661	-0.0003708955383846117	-3.699580406619734e-5	-7.793329135575895e-5	-9.844271011802939e-6	-0.00017724051769131362	6.981321678554205e-6	-0.00024846874642034996	1.9884321962874094e-5	-0.00028897764567516876	2.888821825561927e-5	-0.00030316040864153664	3.415671697605345e-5	-0.0003075175987164357	3.8984343633666354e-5	-0.00026736653672118806
-0.4300299033895315	2.558938397385872	-0.4758102738152194	-0.12800449236639017	-0.057437614915390324	-0.03507940552103548	-0.027523118056384403	-0.05454787130006801	0.0014285028574869325	0.23266286135152867	-0.2109638263138254	-0.015320164702509692	0.14706220189241218	0.25457439675965005	-0.05873194108561435	0.10284344944068691	0.04615867641089867	-0.03771691642702979	0.06162853091453608	0.009330470290869388	-0.023323135053358646	0.038995530755530416	0.002180846715758289	-0.01627940853719761	0.027968019414782226	0.00046330569236651233	-0.012773066773132407	0.023479718056071994	-0.0032851392386635788	-0.025649772954520585	0.03069238276885514	0.016938338860165235	0.020398745988287743	-0.05297627934762836	0.00020356940209012155	0.02001595260802667	-0.0426555939007657	-0.0038595344251561516	0.01618599069008399	-0.029870438500916075	-0.002512240175721873	0.01295414234662687	-0.021891545145556773	-0.0012059055723632717	0.010459674803759252	-0.017363320661913102	-0.0004207807459864909	0.008218980163133972	-0.014885944690203316	0.006948445577897331	-0.002550343899194525	0.005533947077008392	-0.007431885725459635	-0.0034346946749740453	0.009659099762133309	0.0006771996000961158	-0.006740962398249856	0.01220371188155337	0.0015307035120219802	-0.007624656384837143	0.012009084463997965	0.001000348533896221	-0.007220782611691964	0.010808614783724236	0.0005521259662636603	-0.006386585692185527	0.009509986286146669	0.00027344356992804953	-0.00505618159468389	0.008369935194281707	-0.0013469238102761759	0.0007027528086623016	-0.0006277681197993062	0.00025088012709979817	0.0023433427482208316	-0.0035010725751416297	0.0003045555751856336	0.0034393120122589702	-0.005059144049536019	-1.1444985007062112e-5	0.0038816671363534646	-0.005493688151806236	-0.0001438494027584216	0.0039124144811091225	-0.005359499920847719	-0.00015303837296517346	0.0037009754269989943	-0.004970334979032675	-0.00012615536794109524	0.002978614881068181	-0.0044316463043593485	8.392898050596073e-5	-0.0008189752340529418	0.0009739682812677009	-0.00018355045128007938	-0.0013778223784558436	0.0016776657131625289	-0.00010874094907256086	-0.001839556468083339	0.0022165286671091944	-1.2202117771015982e-5	-0.00212909044148552	0.0024989902425734067	3.47912418185515e-5	-0.0022346350531477883	0.0025481989271262206	4.918438639450937e-5	-0.002195990874178198	0.002429046872723078	5.709802893096789e-5	-0.0017946512872010554	0.0021663650077612703	5.359139338770445e-5	0.0004432426614029212	-0.0004097575186023421	3.756494597348573e-5	0.0008562232458111392	-0.0007072770845827835	4.1198780622763276e-5	0.0011605346381864858	-0.0009136945211967783	2.768304155314509e-5	0.0013499999880902279	-0.0010175684306958617	1.0500611005699425e-5	0.0014289326553304084	-0.001025977841569468	-2.1058977242881282e-6	0.0014270635010612178	-0.0009532200170453277	-1.7267443657690852e-5	0.0012379003174082018	-0.0007792369265843174	-8.304578653618112e-5	-0.00016471893722851306	-1.9498114079334512e-5	-0.00037331778316658005	1.1896816249537612e-5	-0.0005183046703376366	3.694183800451441e-5	-0.0006013899236792841	5.6657549999124243e-5	-0.0006317727939075002	6.885886835210952e-5	-0.0006434608945880069	8.135787582547817e-5	-0.0005608186205990065
-0.10186677908527508	-0.4758102738152194	2.529932594731337	-0.49599508558259714	-0.1436861682948195	-0.07195505436578883	-0.05223716016929114	-0.008343607621725728	-0.047688538128128045	0.09519490737816394	-0.03328662244399633	-0.023168508124603398	0.2812949428964815	-0.20937843769920514	-0.027705287543645228	0.1741616871063362	0.2547056898798274	-0.06726870190561202	0.12078289711821319	0.046271797136417825	-0.0451825479640087	0.07585341739646564	0.009305129018071328	-0.030270555196521266	0.052553597836916724	0.001831039185349044	-0.022614216450729197	0.043063893974830764	0.0012426820995507818	0.019548796060149774	-0.038391714929548224	-0.005863632605691847	-0.013053756541988199	0.009013655587281098	0.013625555560421942	0.029706646901644776	-0.0678256170134698	-0.0009972682609855333	0.027241172958168552	-0.05409475374560777	-0.004275702755136981	0.02237443413764586	-0.03964392753882136	-0.002589006359800729	0.018125374204674926	-0.03090862452180189	-0.001013801018443945	0.01401845151934889	-0.02603936521688572	-0.0054152989053021	-0.004448199203729781	0.006303932834852217	0.006080659370587277	-0.007775822385486556	0.013489130889865218	-0.006801359984209213	-0.00834741554293552	0.017013032092340268	0.0010368675185276626	-0.01104585900445629	0.01867609383614823	0.0017108729335653405	-0.011468342612038725	0.017757158111380345	0.0010963846545283009	-0.01053218485519361	0.01591434498526163	0.0005865940136922241	-0.008328687067071011	0.013963449592294796	0.0020676067937747196	0.0033204655864800697	-0.005389435426301628	-0.00026486211772407337	0.003237479260565865	-0.004781161426444379	0.00023119994333549999	0.004918245825065716	-0.007266167200323327	0.00020305506560084743	0.005879210001235584	-0.008495910886637965	-9.010030682375868e-5	0.006142370737833618	-0.00859182941077005	-0.00020822569061943773	0.005950457788280045	-0.008085558181633576	-0.00022467625235756398	0.004792072972950801	-0.0071978410777666065	-0.0007624699892183628	-0.0011086566542693871	0.0015122525841619226	0.00021250572906005293	-0.0023291239526823052	0.002708606165378795	-0.00011859337329996709	-0.0029088988741916167	0.0034536364377717637	-6.760820268019472e-5	-0.0033126241411583755	0.00390696150609241	2.1717906573871873e-5	-0.0035027238214445514	0.004035695515024911	6.437616138994966e-5	-0.003490164344645648	0.0038855112683472332	9.673750574198679e-5	-0.0028591287035979783	0.003467553988828277	0.0002485910239821356	0.0007188153868550558	-0.0007718419204689872	8.39244467993183e-5	0.0013748297040414	-0.0011731463092468878	5.039400194544636e-5	0.0018344308528562316	-0.0014473836080498995	4.0961376780008495e-5	0.0021245836266105224	-0.0016019787011766092	2.0717491564353382e-5	0.00225020335858566	-0.0016220932082293997	1.3470430035329851e-6	0.0022590788513855453	-0.0015166931773503247	-2.7958475887169883e-5	0.0019621697991385415	-0.0012405454429416049	-0.0001535057420352614	-0.000245372862897276	-2.049352315095806e-5	-0.0005920351348490904	3.153805262296848e-5	-0.0008250221514293529	6.254525611759212e-5	-0.0009526654921542839	8.93431434310471e-5	-0.0009978632156611863	0.00010676536500792571	-0.0010179253900888651	0.00012927573859080487	-0.0008887957709193305
-0.04003967813865041	-0.12800449236639017	-0.49599508558259714	2.5136389090634053	-0.510939797143183	-0.1605566619562251	-0.09697630373535919	-0.0007584583737962453	-0.031227694921812432	0.0482215358884415	-0.004623874063115114	-0.0626378195933868	0.12471396410490147	-0.034130889082415024	-0.031409194106729786	0.3009060605147613	-0.20961294111390533	-0.034839484037215596	0.1895074357581141	0.2546557709634066	-0.07488594541748074	0.13517809358198166	0.04603284041029527	-0.0532113536495667	0.09202435569949677	0.00838362857024772	-0.03741663704009764	0.07315085431254274	0.0022133987081338225	0.01748098363827667	-0.033898809369253824	0.00033562837633558035	0.03033039163590205	-0.057303069361725203	-0.006667093243338916	-0.005457967875190094	-0.0043553639283804855	0.013249335617249168	0.0362331909352311	-0.07892693493533179	-0.00109870525611122	0.03347138151936329	-0.06446286595843184	-0.004175025915615096	0.027847841061654298	-0.049864496011293065	-0.00223673254329978	0.021014867092798224	-0.040774749435114416	-0.004331172176010183	-0.0034126991854663874	0.010438524742485352	-0.0019413537476204328	-0.011182718528758052	0.01515612030331015	0.00688591922689398	-0.01306331413869958	0.021078129350586502	-0.006537604122374529	-0.01277838013734556	0.023713973456863765	0.0011242976755342202	-0.014988286041830749	0.024718216424700144	0.0017574420308475623	-0.01492123275988275	0.02308991867034019	0.001176406498769834	-0.011897798719067536	0.020250569224537714	0.0011020715497843956	0.0017388585711683817	-0.0034385182172592694	0.0009378771909679627	0.006893491082150889	-0.009586765933538131	-0.00042277756017087295	0.006222363739802527	-0.008761213869456563	0.00014724805347780522	0.007506455530373061	-0.010868631882292208	0.00014423416565427483	0.008177096520181566	-0.011678456291909637	-0.00014798498767059465	0.008230796631827887	-0.011310685621607938	-0.00033872903963084284	0.006644550757215074	-0.010058495347707143	-0.00017662175609206593	-0.001486745414530163	0.002044092688009949	-0.0005073749330214253	-0.00304976219363623	0.003609645888534625	0.00024349428168757097	-0.004060032803226304	0.00468642675649714	-8.43409000288478e-5	-0.004476105678210498	0.0052424388209304975	-3.349073200182029e-5	-0.00470124781025983	0.0054599862061590326	4.74667821289771e-5	-0.004758269686845835	0.005324701517387521	0.000139347988581912	-0.003914164448149882	0.004759655537432339	0.0001138541224285813	0.0008535126839029758	-0.0007949539917592801	0.00014966613239769306	0.001902520709635409	-0.0016196304850345687	7.426480589386991e-5	0.002514233531795608	-0.0019765067027708648	4.156352433740915e-5	0.0028857162465184914	-0.0021630579671988903	2.7692620060248018e-5	0.0030449750420543553	-0.002192836396852891	9.850043523790053e-6	0.003073042151210555	-0.0020670213918051643	-3.818310501617093e-5	0.0026736225628444022	-0.0016926866556099855	-0.0001370597529157069	-0.0003606629735310867	-7.988626910437583e-5	-0.0007910035723460423	3.751959519479086e-5	-0.0011188323940581814	8.981066650446095e-5	-0.0012969829859187036	0.00012277305931946203	-0.0013551180041744377	0.00014106165600810583	-0.001383459521005499	0.00017564688961427136	-0.0012103502423779604
-0.021421243331723707	-0.057437614915390324	-0.1436861682948195	-0.510939797143183	2.4969154964602747	-0.5347738509677257	-0.20683897509866717	0.00031464576565523643	-0.01904665396124273	0.02829062270029085	-6.42221097321879e-5	-0.04195650389240817	0.06819688387028176	-0.005536308492412945	-0.0696280570944736	0.14057067944351453	-0.03438881197710487	-0.0389186357109393	0.3158067157520583	-0.20978814868021145	-0.04448712396156597	0.20621535042785138	0.25397258520432936	-0.08644573429629478	0.15706760319635188	0.043301178052853606	-0.0608148287538408	0.12292556040969313	0.0015718897543731086	0.014140574354015265	-0.02387056641821249	0.0010688329716517827	0.02697841816003835	-0.04932754857052918	0.0003171651477455548	0.0370909701721069	-0.06958896866843166	-0.006646615022507949	0.000969238704073458	-0.015839189487035433	0.013349020340351025	0.04303704865472429	-0.09082710290701028	-0.0009582144727771028	0.03997270541547477	-0.07660693405901257	-0.004147495239464754	0.028808303522423657	-0.05963500861847265	-0.0024071778296628683	-0.006408831068812924	0.011482968807626639	-0.001823018547951745	-0.01036798771952566	0.019530840879037066	-0.0015075894431463355	-0.0163475443969121	0.02287201847067922	0.006947679212427126	-0.017354098714727588	0.028004658196575893	-0.006602201922633432	-0.016511876435471747	0.029964192832602314	0.0010920665046500423	-0.01854248198720603	0.029991534968235003	0.0021568944721408	-0.015255779361634721	0.026499825990455764	0.0009027002501356937	0.003128952952883248	-0.004700477016975224	0.0002870244162724861	0.005701222360216898	-0.008098329661856214	0.0007514231916771917	0.010010259835363912	-0.013774837683023617	-0.0004996999943593444	0.008763545498399137	-0.012399119281919798	9.426446386777907e-5	0.00960901665704931	-0.013916316202930785	0.00010107469580300805	0.010227369412445782	-0.014179105708367896	-0.00042678038101158895	0.008293841705133085	-0.01262177040225857	-0.00041360752930360157	-0.0020426800273673942	0.0024220471930545607	-7.22614242174134e-5	-0.0036537501066095535	0.00439210503890714	-0.00047630586900725385	-0.004866628806524341	0.005702786707469143	0.00028248981382680784	-0.005613813952211435	0.0064700433419164274	-4.2508434638489425e-5	-0.00574256412656995	0.006681216781403305	-2.4999369728087978e-5	-0.0058532171908240675	0.006570934494176647	0.0001721818101748796	-0.004837122774712259	0.005885405434608111	0.0002443951676645505	0.0012137276412090483	-0.001172913328472318	9.738880700284237e-5	0.002193706859875492	-0.0017917915763903825	0.00013820385357186628	0.003117761887889621	-0.0024731614405875185	5.843996799251021e-5	0.0035721317892535073	-0.0026798043927359926	1.8170483614040592e-5	0.0037358147021995607	-0.0026830531704259662	1.777930602818956e-5	0.003782524648579197	-0.0025423914831812725	-4.6344156970718815e-5	0.003295904898982024	-0.0020846816227636056	-0.00023687378962402618	-0.0004247949956620712	-1.620263918195079e-5	-0.0009956661609724913	3.973537734459027e-6	-0.0013650152915353948	0.00010772091114469433	-0.0015966766940408467	0.00015979723254153812	-0.0016701708352745662	0.0001708681649670253	-0.00170375702700847	0.00021543561484007343	-0.0014921238380556218
-0.014210315273230195	-0.03507940552103548	-0.07195505436578883	-0.1605566619562251	-0.5347738509677257	2.4521031989854585	-0.657123370527102	0.00038270973605622987	-0.0132883787421608	0.01913883194993076	0.000574309657457359	-0.028411916423727628	0.04417459848759392	-0.0007545977363790571	-0.04970871711707387	0.08350272231380709	-0.00581712958674279	-0.07991719928166124	0.15797331318260133	-0.03488322248759557	-0.0546653056318602	0.33878150367853477	-0.21202704130223352	-0.06556684539505889	0.23977195495499212	0.24359611531234718	-0.0881387292568256	0.20443277448543856	0.0009942678647632175	0.011764225278324644	-0.017551587127630403	0.0006359746054009475	0.0229143891375191	-0.037362643940871784	0.0013181900035023945	0.03379968728891715	-0.06185474186831743	0.000541713778257655	0.04422484483221312	-0.0830422030836648	-0.006498051463542214	0.009106455475516388	-0.031207237010066946	0.01269232470979786	0.05215101091748179	-0.10534618773380942	-0.004740388791717386	0.034733568667868954	-0.07708805941407637	-0.0014023149219451298	-0.007565020666432444	0.010946174546540054	-0.0010117753023218816	-0.013171265081644956	0.020389276228757403	-0.001764943868366458	-0.01532509991696264	0.027320162802344127	-0.001699348356364897	-0.02020172356748599	0.029834808274717774	0.006538346675702383	-0.020006492256685392	0.033793331713764016	-0.006958442389145338	-0.020107877561555885	0.03422331902340528	0.0028377964563013882	-0.017358365948415534	0.030695829031843543	0.0008513401041745376	0.004012805013867997	-0.0056106998555783515	0.0002771630827050797	0.0071960783613197995	-0.009590129112665826	0.00015330761538675177	0.008678079295048772	-0.01223474451521419	0.0006486671733667152	0.01221868401839586	-0.01703124466357999	-0.000618763397082355	0.0102216262949589	-0.014709831826492764	0.00015949000796700605	0.011508810268206686	-0.015872073293544654	-0.00045124977334809376	0.009417546713141801	-0.014228671167332974	-0.0005376855562245823	-0.0021973711942889916	0.002695020267923012	-0.00015634339035617295	-0.00432625563178106	0.004849778459450254	-2.587607084507445e-5	-0.005407722041402409	0.006406769618035913	-0.0004221832987244632	-0.006279149593863491	0.007278505751359839	0.0003599460720245376	-0.006567180981958085	0.007556906627281842	-9.737816587177694e-5	-0.006632335206321489	0.007406310677640469	0.00017485487595706036	-0.005484409943855445	0.0066373439379029744	0.00027036077289146045	0.0013152674672749062	-0.001265146061083452	0.00016119811057765384	0.002640994487331232	-0.0021926730846813236	7.645400474617635e-5	0.003385080582529424	-0.002598985043490114	0.00011682105887728403	0.004085085604609964	-0.0030816038319489173	1.5332406841675764e-5	0.004235085582350249	-0.0030301605526526667	1.5214198015798698e-5	0.004285072217340514	-0.0028649808192890893	-5.18408333309368e-5	0.0037380017750775897	-0.0023518259251194685	-0.00024264004378988838	-0.0004870746871096599	-7.408483748945314e-5	-0.0011136334915248962	8.104289324639666e-5	-0.0015648793042033725	7.508586685015832e-5	-0.0017982726423698481	0.00018687201832881086	-0.0018932791480897888	0.00019499757323817666	-0.0019326641151173648	0.00024248956001295162	-0.001692917736462409
-0.011538299465448284	-0.027523118056384403	-0.05223716016929114	-0.09697630373535919	-0.20683897509866717	-0.657123370527102	1.9153899945017987	0.000346964335027455	-0.011329474240230952	0.015450557482514064	0.0006178865170279244	-0.023520866831960762	0.03479763757095746	1.4242995812682603e-6	-0.03966142899052001	0.06270440157075936	-0.0012656757112266329	-0.06774466879438121	0.1086400102378688	-0.00765074393630361	-0.1108084308510573	0.19551430867329972	-0.044314137856287295	-0.09374574637449047	0.39444535588547397	-0.26130133856761756	-0.031690821437151885	0.2698403600866063	0.000722856594494142	0.010635923175578347	-0.014675905926584607	0.00035298212178678015	0.02079445501134163	-0.031162699519217192	0.0010700834773586729	0.030859653964255523	-0.0523400027481354	0.0016787775930513574	0.04244513594900233	-0.08032950190594863	2.770236559655169e-5	0.0536986349779007	-0.1052199490506298	-0.01257150405738776	0.020464526879876408	-0.04297299392877755	-0.01420391675600441	0.03261508167227782	-0.058785180908131826	-0.0010259521476328182	-0.007724154149395475	0.010207465390341994	-0.0006462254002902933	-0.014213035805264073	0.019657738462935195	-0.0013078165768980808	-0.017780042154877024	0.02791125057455099	-0.0024808587416990133	-0.01763280306213881	0.0328571120725378	-0.0032135120525405825	-0.019388267535560166	0.031926279395444276	0.0047368938385444455	-0.023640797125711967	0.03521074406650723	-0.0011859812276826072	-0.01723632684244244	0.029612561132128297	0.000787337981935886	0.004335991817750626	-0.005795751423070936	0.00030599325200737266	0.007859184086553008	-0.010285770379130423	0.00011235290125082355	0.009636658798229402	-0.013012406823607693	-0.0001970715994537183	0.010072582348711102	-0.013981463554296083	0.00018813807837089495	0.012389456004504832	-0.017246862257497775	3.218868688012104e-5	0.011605695455874327	-0.01564960492427153	-0.0006546193530510647	0.009755890442028401	-0.014257458171209606	-0.0005552594019496106	-0.002284910419653092	0.0027733150058543766	-0.00022392410311314375	-0.004327331586090653	0.004904586952301695	-0.00010953833233392956	-0.005768941049974174	0.006442019497722025	5.976705602742934e-5	-0.006521340553141318	0.007467622617398443	-0.0002368759084275459	-0.006647079035970432	0.007596918098429419	0.00015432355077725098	-0.0069354996411212025	0.007578740686346548	0.00016084544862021802	-0.005700039635790203	0.006775973625398223	0.00026263574812328624	0.001345112506297195	-0.0012597082502069266	0.00015054555540526258	0.002676417417170317	-0.002171843424727094	0.00012804993372156142	0.0036534202828886675	-0.002818169387999869	6.0360239586940387e-5	0.0041168624845344965	-0.0029925814161668378	3.181908291064251e-5	0.004413397143159675	-0.0031204338792092884	2.6955492710466883e-5	0.004442747472867393	-0.0029317931226070454	-5.31080342375512e-5	0.0038805448386995717	-0.002408561467423496	-0.00024269606212407808	-0.0005122003172510789	-6.077222877574062e-5	-0.0011598139451145875	2.9632616103715036e-5	-0.0016017514045434463	0.00013701278059867917	-0.001885725242801709	0.00016211930867891577	-0.001955269434756752	0.00020017678654324873	-0.0020037327952851466	0.0002476968016494796	-0.0017577703966571586
-0.3190683919354811	-0.05454787130006801	-0.008343607621725728	-0.0007584583737962453	0.00031464576565523643	0.00038270973605622987	0.000346964335027455	3.7262859496133496	0.15243694302197755	-0.1535128001192639	-0.07423757579167753	0.02320632695451763	-0.032394338403182135	0.004063925139384859	0.004144182497961326	-0.007625350218910538	0.0015833182193949105	0.0018782703546751595	-0.0021848844327514417	0.00032717445353564324	0.001630892599393488	-0.0008291967615442502	6.118908494769599e-5	0.0015206752014850652	-0.00043450745579465483	1.3193335618758971e-5	0.0014451330204666825	-0.00031780292980715337	0.021376444109497805	-0.007985729353826326	0.015143488852944148	0.011015866339502075	-0.0018492825871298329	0.004750855062977349	0.003256861897586494	-0.0004025176085600438	0.001722432156543828	0.0007660398476081122	-4.7453829067576406e-5	0.0007598757831724072	0.00017217882114468363	1.408223744588187e-5	0.00038909932101473564	4.051593252821243e-5	1.7789067217837648e-5	0.00023160872336221654	8.429009295445656e-6	2.026980886337575e-5	0.00016931708150893474	0.0037317540685040023	0.0001941565036174682	-0.0022870198094267816	-0.00046183922065072704	0.00048334777189061964	-0.0017449640289898252	-0.0002510056557819012	0.00015238835130970503	-0.0009393056844858445	-8.448850611873223e-5	-2.276682674647982e-5	-0.0004749950051859937	-3.265686247706411e-5	-6.493850231292917e-5	-0.00025393990760826975	-1.4676723539793542e-5	-6.471329641309681e-5	-0.00015367842571074815	-6.17030279089768e-6	-6.508544501733745e-5	-0.00011224504218059095	-0.0005184694142796824	3.407038189377576e-5	0.000283954284287654	2.5247334183064116e-5	-5.377429090328068e-5	0.0003189310218550995	9.474043254608236e-5	-2.8130587164444053e-5	0.0002422895020463372	5.823423878098153e-5	4.493262733488997e-6	0.00016609630756297985	2.73888328692894e-5	2.0759580547636364e-5	0.0001130570230687646	1.206142430970127e-5	2.571126318686654e-5	8.075451329325742e-5	5.004078352526703e-6	3.173574987475636e-5	6.23649563288417e-5	6.713185759902571e-5	-2.4118725394092255e-5	-4.254179224339611e-5	1.601204102662568e-5	6.439562073532083e-6	-8.275654593462663e-5	-2.8092005082439466e-6	7.375873690263234e-6	-8.258884101059319e-5	-6.258376218566564e-6	-1.4401897686709047e-6	-6.7069975521346e-5	-5.112850581656588e-6	-8.145152513904035e-6	-5.129372419236159e-5	-3.4135398227540514e-6	-1.1029394991404556e-5	-3.934231916814128e-5	-2.203471154327381e-6	-1.5253472668802062e-5	-3.075025889207584e-5	-4.528269805255474e-6	4.439479188288592e-6	1.0468256765267058e-5	-4.336327636575179e-6	1.3708152624758713e-6	2.0504024199038334e-5	-3.958981221748448e-7	8.675101210384688e-7	2.3449793285506605e-5	1.359549572648724e-6	2.509535577919218e-6	2.1710891412834075e-5	1.4757688031733848e-6	4.491792868832841e-6	1.8270203314819532e-5	1.1244780343568765e-6	5.5936348927275285e-6	1.4675630409442323e-5	9.176424343965838e-7	7.81074320366628e-6	1.0637615892900925e-5	1.3266975707391197e-6	-1.70206977403579e-6	1.5229297716047798e-6	-1.9979377820810835e-6	1.100409659270366e-9	-2.0369951377410532e-6	-1.1792593227118532e-6	-2.5780000419466866e-6	-1.6165825028948214e-6	-3.3391273357789883e-6	-1.6007577912026692e-6	-3.6560726787199892e-6	-1.6640338753147952e-6	-4.3816732785322016e-6
0.02709841883714874	0.0014285028574869325	-0.047688538128128045	-0.031227694921812432	-0.01904665396124273	-0.0132883787421608	-0.011329474240230952	0.15243694302197755	-1.0327659053157507	-0.004541555582821457	0.0036848343626071926	-0.7173856326022728	0.047341507248251966	-0.09184044623467494	-0.22004595836308918	0.01353486882417438	-0.010228096908696234	-0.12094256707586744	0.007896237070705997	-0.0002779996695233203	-0.08751622578946107	0.006325278368464987	0.0002778807483171824	-0.07138990711554952	0.005529068222193309	-4.932765912725337e-6	-0.0636516693460724	0.004880893389293986	-0.08771424084371378	0.08061506261835007	-0.023485262069740036	0.04173637389394208	-0.024296748242928427	0.022120985492786186	0.0019649406903014515	-0.020309939194396383	0.012445707628488472	-0.000380034992989409	-0.010994287728670957	0.005197269633359508	-0.0003920168012089989	-0.005656772556686208	0.0019955313891807523	-0.00024977446463278653	-0.0035161732922707194	0.0008727249392485485	-0.00013028482845562644	-0.0031665087300445515	0.0006995660882278635	0.01048280736745538	0.0030633917425447366	-0.012312825293816512	0.0053333546034974805	0.002510352521793708	-0.006693540841037179	-0.0011088190398945584	0.004697670387268971	-0.004025262158592499	-0.0010156303022410195	0.004567469682255901	-0.0024612916450516766	-0.00039503907750652845	0.003543810347985891	-0.0015367791019346066	-8.935603312572802e-5	0.002656935824773544	-0.0010838930360190496	2.076954142179443e-5	0.0024133705252160306	-0.0009726406612887065	-0.00068376319213895	0.0017077826985667512	-0.0005659398653582152	0.000654557227081295	-0.0012312137946282862	0.0011171383184294542	0.0003554764716881033	-0.002498299885729728	0.0015194924021194405	0.00018312149681856227	-0.0025460199563041848	0.0013023642149762639	8.872073232687024e-5	-0.00218873141896832	0.0010081206044047716	3.2058949164300586e-5	-0.0017932809543085811	0.0008052949239139807	-4.65006484269655e-6	-0.001612204271367779	0.0007221390684676699	0.0001344675144752119	0.0003286797158938797	-0.00041231018213438086	0.0002244301899070049	0.0006783611373708886	-0.0005900846792726418	5.54688046796217e-5	0.0009807474624052865	-0.0006256510893540292	-2.7766915633610593e-5	0.0011215667760039042	-0.0005840218009281848	-3.578343874757222e-5	0.001120804428433064	-0.000515287474984299	-2.198045782269286e-5	0.0010255631939517446	-0.00044972103675391083	-4.481955132199461e-6	0.0009369201524841638	-0.00040597560600854824	1.4856358585056715e-5	-0.00017070876827539542	6.675897636058434e-5	4.077046385327874e-6	-0.00035332033365538355	0.0001520135981904292	5.090933032511611e-6	-0.0005247429460404102	0.00020902524069124458	7.498422930902474e-6	-0.0006296868022292639	0.0002234134471440066	7.3255731665819574e-6	-0.0006680332627621812	0.00021129311202567475	5.511738852017495e-6	-0.0006500788220671826	0.00018592646748173615	1.7997382228395867e-6	-0.0006071054084919032	0.0001559068257178163	1.40210113042964e-5	8.982529241337364e-5	1.0572827224546302e-5	0.00017931616393835514	1.7436977278897914e-6	0.0002519722381677155	-8.471540195225454e-6	0.0003005042148427566	-1.380145530871994e-5	0.000323343012547682	-1.5533103710703598e-5	0.000323518080920167	-1.3503613632919396e-5	0.0003011778313784691
0.0668351180487331	0.23266286135152867	0.09519490737816394	0.0482215358884415	0.02829062270029085	0.01913883194993076	0.015450557482514064	-0.1535128001192639	-0.004541555582821457	3.3433506298587043	0.2988684565995088	-0.018445544394831998	-0.42934020413069335	-0.06133510619190446	0.007715882004516855	-0.11314791926617947	-0.010348280221243398	0.007457317228496211	-0.047122139378708267	-0.0022538664520748808	0.005537674524816468	-0.02571693338365561	-0.0006310715480374025	0.004264332280007947	-0.017371071465567708	-0.0001515219462965611	0.0033767443351362136	-0.014345251777518454	-0.18903397577114936	0.025234413917051304	0.01346702496217406	0.17804263111511756	-0.02398235471907536	0.046722773350085525	0.03422102254660253	-0.018105879661339093	0.03260106327276189	0.008380645157139327	-0.011932982819186559	0.021284846172110714	0.002518578628418363	-0.00850669301857646	0.014824148073106757	0.0008644954075499804	-0.00656066247827466	0.011389226276947188	0.0002490317297486258	-0.0051609398219202565	0.009667283924424336	0.03466277295941498	0.0032620980113846594	-0.026984268843634633	0.00809722393461193	0.005229157530848936	-0.019670488836134058	-0.0004366645517938998	0.005676125179694985	-0.013809031830118723	-0.0011372430067907655	0.005256212954659097	-0.010204427211661924	-0.0007214512582418583	0.004629104600010708	-0.007993103220056414	-0.0003821199657569488	0.003980652647864525	-0.006595835659408571	-0.0001755001034526051	0.0031568752849524947	-0.005699417056576397	-0.002067478543939356	0.00032426552508676743	0.0011408108888224322	0.0008449426790187698	-0.001862737185632313	0.0036331255621725542	0.0007647592695579361	-0.0027286961500606584	0.004423383487724476	0.0004721895001179873	-0.0028446012075021283	0.0043163747743632614	0.0002766957656106308	-0.0026992165861231122	0.003932243116336308	0.00016436695550064282	-0.002459363727761697	0.003508109985098144	9.733722610169105e-5	-0.001959362523410646	0.003086825251652339	0.0004166517449900862	0.00043283862804951165	-0.0009368868979758298	0.0003254570054856155	0.0010081892331512687	-0.001601486923625408	0.00010665630420860648	0.001350005781225093	-0.0018983132478426487	-1.3753749917117037e-5	0.0015043434193002382	-0.001957060897147132	-4.842811689032357e-5	0.0015319377208400655	-0.001882606279445461	-4.900297525844757e-5	0.0014728220693280623	-0.001734700948902907	-4.452561650914208e-5	0.0011937875589610493	-0.001526999972265582	-3.58794509437253e-5	-0.0002802593145027773	0.00030230309516431905	-3.595783269346339e-5	-0.0005784322058917077	0.0005479336970764478	-1.8538204298670216e-5	-0.0008008867916466949	0.0007010158385675126	-3.7933496533380527e-6	-0.0009293423248175527	0.0007593499028238014	4.616949236440609e-6	-0.0009750458170592044	0.00074555734054339	8.757479851970686e-6	-0.0009641006263642186	0.0006792747841171101	1.5134904858700354e-5	-0.0008306944912444514	0.0005498200685919157	5.950260715292004e-5	0.00010927012328816658	2.3501944070519426e-5	0.00025146845665603945	-4.734384787061941e-6	0.00035354892508956287	-2.859234307128643e-5	0.00041084386636121685	-4.424197628466308e-5	0.00043002002965469	-5.216249538069205e-5	0.0004352648278712107	-5.939870378403509e-5	0.0003772617394169259
0.24011785324372065	-0.2109638263138254	-0.03328662244399633	-0.004623874063115114	-6.42221097321879e-5	0.000574309657457359	0.0006178865170279244	-0.07423757579167753	0.0036848343626071926	0.2988684565995088	4.35921043459409	0.0950643488155763	-0.07980777138473802	-0.047406583611962906	0.011949775836324878	-0.016159084025924125	0.00478398055320587	0.0017129566804127572	-0.004145464415560349	0.0015324501643552708	0.001024980730040004	-0.0015795585451594226	0.0003382133108703556	0.0011519265577196972	-0.0009119684238259475	7.195292330938585e-5	0.0012227291263663214	-0.0007210304758563914	-0.24713532901024274	-0.03907263602155479	0.21243278157521692	-0.0173127171484989	-0.0012037601284563624	0.04097690667441196	0.005817801193693539	0.00044403830894640785	0.010187330103812977	0.0017590165130478964	0.00035029745552613137	0.0033667437922691697	0.00035758202424580876	0.0002103152751943762	0.0014875817567868122	6.0096956244396494e-5	0.00012090437134796146	0.0008671596048332234	3.98563444693488e-6	7.569523496491978e-5	0.0006733531411154458	0.017635746317103455	-0.004253091061823566	0.0015495060275547959	-0.012133476032823564	0.0018920550788906977	-0.0034443299166291258	-0.0036119452937421652	0.001474916595189619	-0.0027009694082712967	-0.000863338023002141	0.0006758258349489243	-0.0015871028301127695	-0.00021183525265015338	0.00030263763081171474	-0.000941487723191832	-5.835481038424491e-5	0.00016319646419377665	-0.000630617693949534	-1.3643853583153198e-5	0.00010515278075137897	-0.0005023227302555733	-0.002924652464681344	-0.00021473681829257962	0.002315449070786546	-0.0010910296876806955	-0.00039204456060738514	0.0018357560466991279	-6.82619796688003e-5	-0.0003180655302766658	0.001160732314423298	0.00010146610044826796	-0.00022692557655435106	0.0007372684677294446	7.099341845589289e-5	-0.0001631087934204126	0.000500933057754245	3.4711142804089084e-5	-0.00012103036090096624	0.00037203398244960547	1.333373837276185e-5	-8.259873597843598e-5	0.00030544267027070575	9.913281005267968e-5	-9.05879232789252e-5	-9.849980174819192e-6	-8.658271848555873e-5	7.641707290988096e-5	-0.00022297869553596861	-8.771287465566586e-5	0.00014430838615243433	-0.0002939086783319275	-5.251436508031456e-5	0.00013955008710368183	-0.00027274805383258136	-2.7888715770117423e-5	0.00011772692789685765	-0.00022859874866065763	-1.4649333265832403e-5	9.670579902276969e-5	-0.0001887210744448171	-7.272990847945313e-6	6.817984948064154e-5	-0.0001575535782832979	-3.0587010678241064e-5	-1.3043288858124401e-5	5.864498956691855e-5	-3.6141465928400854e-5	-4.6776834625460616e-5	0.00010124776336059888	-1.5684239272782808e-5	-6.613034253845502e-5	0.0001109410352670591	-1.6864124865118017e-6	-7.229179303683267e-5	0.00010307670341221536	2.785626025845371e-6	-7.07456527263848e-5	8.935097557240262e-5	3.160504660714468e-6	-6.536880765884628e-5	7.43371369576573e-5	2.713877673213577e-6	-5.176937531336036e-5	5.72136794846812e-5	5.391238293909381e-7	5.95398385777729e-6	1.5473402832961523e-6	1.5124571303024173e-5	-3.4064894557589465e-6	2.4630851290969517e-5	-6.809983724772705e-6	2.9479927619870253e-5	-7.769866267630507e-6	2.993880368776783e-5	-7.541102981653831e-6	2.9078327645758837e-5	-7.312430248285274e-6	2.326451751482301e-5
-0.037949583738623935	-0.015320164702509692	-0.023168508124603398	-0.0626378195933868	-0.04195650389240817	-0.028411916423727628	-0.023520866831960762	0.02320632695451763	-0.7173856326022728	-0.018445544394831998	0.0950643488155763	-1.2509621223116865	-0.0045537454313426306	-0.0015408980924190856	-0.836007674726313	0.05099177311134543	-0.09172950448565276	-0.3050037307244144	0.0176887101301156	-0.010064903367179478	-0.19041544573409666	0.011994327418429693	-0.0003445746780593456	-0.1494042261558428	0.010351589821946429	1.6697458176530756e-5	-0.13181207360846503	0.00906763108352122	0.00622648157785986	0.0591191616280174	0.011853727250516137	-0.04743660916298494	0.04987704344656661	-0.014735436619907586	0.047142580672406356	-0.04535619581034615	0.026432739073292424	0.0024246126095306296	-0.03173196986946437	0.01440244823832087	-0.00048075560415199555	-0.017940949102089057	0.006212718130739218	-0.00048113134589355727	-0.011430908022598378	0.003010674089652916	-0.0002967071330276788	-0.009771625739507421	0.0023750519524847794	-0.00809412055014424	-0.017432322035285174	0.01576693300138674	0.002352924956142449	0.010668199977025228	-0.011092568022327637	0.004353600744404677	0.008592209107530275	-0.0073594342895214005	-0.0013114376281089517	0.009075058288969637	-0.004785358806829735	-0.0010681286873331446	0.008012824524394188	-0.0032175262804734137	-0.0003664012951204392	0.00644026550097974	-0.00239408617663366	-1.3075981711472711e-5	0.005838865397446956	-0.002163580225754936	0.0034231889649014614	-0.00367310774310966	0.0018106613515417285	-0.0021084339931801248	0.0001257879701769579	0.00034912136042707944	0.00026351894533750003	-0.002777858458579041	0.001720619202451779	0.00031193230438228024	-0.004199977899110688	0.0020565630633007427	0.00018385353762522308	-0.004210765248331328	0.001831453268655784	8.093887446031838e-5	-0.0036787263230417134	0.001549162612513013	3.803006827204511e-6	-0.003329077350756526	0.0013988062812656673	-0.0005194668827637813	0.00025883454798344686	0.00038728853958339517	-0.00019501254004612286	0.0011026281139390275	-0.00040881577204165005	0.00014423546971167	0.0016204374094552214	-0.0007772461983688035	3.507432890837474e-5	0.001971435679558111	-0.0008857771089703848	-3.293423033887252e-5	0.002100723223041526	-0.0008678885068826282	-3.584659020510045e-5	0.0020082018421280117	-0.0007988359275644561	-1.1932276709975785e-5	0.001858129062753211	-0.000730904100454132	5.586900919451101e-5	-0.000513473390547	0.00020574842777675194	-5.6295678238448926e-5	-0.0006543487536491215	0.00021459359136827017	-3.0667737801847947e-5	-0.0008775784649945087	0.0002798024820207037	-7.592705169830764e-6	-0.0010886070649880721	0.00033274070422852526	3.23217357327069e-6	-0.001209143404225073	0.00034397406844968086	6.403435208869999e-6	-0.0012187078270569434	0.0003188211133762681	3.52051433065381e-6	-0.0011556154278452985	0.0002718878829110953	6.890260013585053e-6	0.00016132790515751557	-2.022459457370978e-5	0.00032816552598666546	-6.576091964580855e-6	0.0004536456470890687	-7.659702223304952e-6	0.0005415817327768761	-1.548252128173574e-5	0.0005930260566349591	-2.181645318153204e-5	0.0006068452248047029	-2.1959819300962364e-5	0.0005739548446244943
